YMF825 ‚í‚½‚µ‚Ì‚É‚á‚ñ‚±

Track1	Eorgan
2D,66,0C,02,00,03,00,17,00,01,0A,02,09,06,00,04,00,03,01,51,00,25,0C,06,00,03,03,07,00,01,00,01,0C,07,00,04,00,04,03,11,00,

Track2	Vocal
0D,04,06,02,01,05,00,29,00,33,00,04,04,02,01,04,02,12,03,50,08,16,07,02,01,01,00,1C,10,22,01,04,05,01,00,04,01,0A,05,31,00,

Track3	Ebell
0D,51,0F,08,01,05,04,14,45,06,00,00,0C,02,02,04,07,0B,44,01,00,51,0F,08,01,05,04,14,45,2E,00,00,0C,02,02,04,07,0B,44,21,00,

Track4	Bass
04,70,0F,05,00,04,00,25,00,00,00,70,0F,03,03,05,00,2F,00,0A,00,70,0F,01,02,08,02,28,00,00,00,70,0F,02,04,06,00,00,01,01,00,

Track5	Drum
24,70,0F,01,05,05,05,00,00,04,04,74,0F,05,02,01,02,00,00,02,00,70,0F,0B,06,03,06,1B,00,02,04,74,0E,05,08,04,08,00,00,00,00,

Track6	Symbal
25,70,0C,04,07,03,0A,06,07,30,00,00,0F,06,08,05,05,15,05,50,15,70,08,00,0A,01,0A,00,07,72,00,00,0D,07,07,05,08,0A,03,50,14,

Track7	Hihat
2D,70,0F,03,00,00,0F,0B,01,05,00,00,0F,08,0A,0A,0B,19,11,0F,06,70,0F,02,00,00,0F,02,11,05,01,00,0F,0A,0C,09,0B,22,11,05,06,

Track8	Eorgan2
33,03,0F,0F,00,07,04,1A,00,01,08,02,0A,0F,00,0A,00,04,03,01,08,13,0F,0F,00,02,03,1D,00,02,08,02,0A,0F,00,07,00,11,01,01,08,

Track9	Piano
2B,06,0F,02,02,02,05,27,00,01,00,02,0F,02,02,03,0F,1C,00,05,00,06,0F,02,02,02,0D,19,01,01,00,04,0F,02,01,05,04,15,01,01,00,

Track10	String
37,30,06,0A,00,05,00,00,10,31,09,00,0C,06,00,05,01,17,30,01,02,02,05,06,00,06,00,00,05,51,01,00,05,05,00,06,01,07,03,71,1B,

Track11	Piano2
3D,01,0F,0A,02,02,01,0F,00,01,01,02,0F,02,02,06,0F,03,03,01,00,05,0F,02,02,03,06,10,00,03,04,02,0E,04,04,05,06,03,03,01,00,

Track12	String2
3D,01,0F,0A,02,02,01,0F,00,01,01,02,0F,02,02,06,0F,03,03,01,00,05,0F,02,02,03,06,10,00,03,04,02,0E,04,04,05,06,03,03,01,00,

Track13	Epiano
2D,40,0B,05,01,05,04,21,44,01,00,00,0C,02,02,04,07,13,44,01,00,41,0C,06,01,05,04,1B,44,24,00,00,0E,02,02,04,07,11,44,21,00,

Track14	Eorgan3
35,00,0A,00,00,04,0F,15,00,01,00,02,07,0F,00,05,01,0E,03,01,00,01,09,0F,00,04,00,16,10,01,09,02,07,0F,00,05,00,07,13,03,00,

Track15	Eorgan4
2D,00,09,08,00,03,00,1E,10,51,00,02,0C,08,00,04,00,06,03,31,00,02,09,01,00,04,00,22,00,22,00,02,0D,02,00,05,00,06,03,71,00,

Track16	Eorgan5
2D,76,05,02,00,01,01,25,11,02,00,00,08,02,00,05,01,11,11,02,00,05,05,02,00,01,01,1A,11,04,00,00,08,02,00,04,01,11,00,01,00,

	