
スネアドラム１　F3〜C4で120Tickぐらい

RAW
  1, 68, 80, 81,245,  0,119,135, 39, 33, 21,242,  0,117, 34,  7, 96, 59,246,108, 53,117, 40,129, 69,232,  0,  3,  3,  7,
SysEx
2C,70,0F,01,05,05,05,00,77,78,04,74,0F,05,02,01,02,00,75,22,00,00,0F,0B,06,03,06,1B,35,57,05,74,0E,05,08,04,08,00,03,30,00,


バスドラム　C1
RAW
121, 68, 82, 59,245, 96,  0,  0, 39,146, 75,241,124,  0, 48,  0, 98, 92,244, 92,  1, 48,  0, 82, 94,240,  4,  5,  0,  0,
SysEx
2C,70,0F,0B,05,03,05,18,00,00,04,00,0F,0B,09,04,01,1F,00,03,00,00,0F,0C,06,05,04,17,01,03,00,00,0F,0E,05,05,00,01,05,00,00,


シンバル  C4
RAW
  3,  5, 64, 50,229,  0,  7,  3,  6, 80,103,252, 16,  5,  5,168,144, 33,199,  0,  7, 39, 63, 80,118,213, 20,  3,  5,  0,
SysEx
65,60,0E,02,04,03,05,00,07,30,00,00,0F,07,05,06,0C,04,05,50,15,70,0C,01,09,02,07,00,07,72,07,00,0D,06,05,07,05,05,03,50,00,


ハイハット(伸ばすとシンバル）
RAW
  3,  5, 64, 50,229,  0,  7,  3,  6, 80,103,252, 16,  5,  5,168,144, 33,199,  0,  7, 39, 63, 80,118,213, 20,  3,  5,  0,
SysEx
65,60,0E,02,04,03,05,00,07,30,00,00,0F,07,05,06,0C,04,05,50,15,70,0C,01,09,02,07,00,07,72,07,00,0D,06,05,07,05,05,03,50,00,






