YMF825 RYDEENの音色 SoundCloudup版,２音重ねた音色があります

SysExデータ(hex csv)


Melody1-1(Track1)
5D,30,0C,00,00,06,00,16,22,02,08,00,0F,0F,00,05,03,0C,06,01,00,31,0C,0F,00,02,00,0F,41,52,05,00,0F,0F,00,05,04,08,43,24,00,
Melody1-2(Track2)
5F,40,0B,01,01,07,02,0A,47,72,07,70,08,00,01,04,01,1C,07,24,00,00,0B,00,00,08,00,02,04,42,08,70,0C,00,00,05,01,07,20,32,00,



Melody2(Track8)
2D,21,0F,00,00,06,00,1A,00,22,01,00,07,00,00,05,02,07,00,52,04,21,0F,00,00,05,00,19,01,42,01,00,06,01,01,06,02,0A,01,32,04,


Melody3-1(Track9)
2D,50,0C,05,00,04,01,1A,05,72,00,02,0F,02,00,07,01,05,04,61,08,60,0E,04,00,03,01,18,03,03,00,02,0F,03,00,07,00,05,04,21,0C,

Melody3-2(Track14)
37,22,0C,03,04,0A,06,07,30,11,0D,00,0B,06,00,08,01,08,00,01,05,02,0A,06,00,06,01,01,03,51,00,00,0B,05,00,08,01,07,33,32,00,


Back Keyboard(Track6)
2D,00,0A,04,04,05,04,0D,00,02,02,00,0A,02,0A,0B,0A,0B,03,01,00,52,08,04,03,04,04,0F,00,01,11,00,0D,03,08,0B,0B,07,00,01,00,


Flute(Track7)
15,71,09,06,07,08,00,3C,15,02,03,00,08,05,00,07,00,09,05,01,00,00,0B,09,06,06,09,0F,01,02,18,00,08,05,00,07,00,14,15,01,08,


Base-1(Track3)
04,70,0F,05,00,04,00,29,00,00,00,70,0F,01,00,06,00,32,00,09,00,70,0F,03,03,08,02,2A,00,00,00,70,0F,00,00,07,00,00,01,00,00,
4,70,0F,05,00,04,00,29,00,00,00,70,0F,01,00,06,00,32,00,09,00,70,0F,03,03,08,02,2A,00,00,00,70,0F,00,00,07,00,00,01,00,00,
Base-2(Track4)
2B,46,0C,03,00,03,01,23,45,41,00,06,0A,03,00,06,03,16,45,21,00,06,09,03,00,06,01,30,45,31,00,04,0B,02,04,07,06,00,45,22,00,


Strings1(Track5)
2D,00,0C,02,00,03,00,1B,00,01,00,00,0C,02,00,09,00,10,33,01,00,52,0D,03,04,04,05,15,00,01,00,00,0D,03,00,09,06,0C,50,01,04,

String2(Track15)
35,00,0D,08,00,02,01,1B,10,61,00,00,0D,0F,00,05,00,07,03,31,00,04,0D,0B,00,02,00,14,10,31,04,01,0D,0F,00,04,00,00,13,71,00,




hi-hat1(Track10)
25,70,0C,01,0C,07,07,1C,07,73,05,00,0A,07,09,09,07,10,05,52,00,70,0C,01,09,05,05,00,07,70,00,00,0D,06,05,09,06,15,03,51,00,


hi-hat2(track11)
25,70,0E,01,09,07,07,00,07,72,07,00,0F,08,08,08,06,0A,05,50,00,70,0C,01,09,05,07,00,07,71,07,00,0D,09,09,08,07,0B,03,50,00,

SnareDrum(Track12)
2C,70,0F,01,05,05,05,00,77,78,04,74,0F,05,02,01,02,00,75,22,00,00,0F,0B,06,03,06,1B,35,57,05,74,0E,05,08,04,08,00,03,30,00,

BassDrum(Track13)
2D,30,0F,0C,08,03,06,10,35,53,05,74,0C,07,09,04,08,03,05,40,01,00,0F,0C,08,03,06,25,25,22,05,74,0E,05,0B,04,08,00,03,10,00,

Bell(Track16)
2D,54,0F,0F,03,03,00,26,44,07,01,02,0F,07,04,04,00,14,44,05,00,62,06,01,00,01,00,18,03,71,01,02,08,01,00,05,01,08,03,01,00,

