YMF825 RYDEENの音色,２音重ねた音色があります

SysExデータ(hex csv)


Melody1-1(Track1)
5D,30,0C,00,00,06,00,1A,23,01,06,00,0F,0F,00,05,03,05,07,01,00,31,0C,0F,00,02,00,0F,41,52,05,00,0F,0F,00,05,04,0A,43,24,00,
Melody1-2(Track2)
5F,00,0E,01,01,07,02,03,47,52,04,70,08,00,01,04,01,19,04,32,00,00,0E,00,00,0A,00,09,04,44,00,70,0F,00,00,05,01,07,20,31,04,


Melody2(Track8)
52,41,05,01,00,05,00,05,01,34,04,01,07,01,00,05,00,13,00,78,0C,31,07,01,00,05,00,00,00,34,05,00,08,01,00,09,00,0B,03,54,05,


Melody3-1(Track9)
2D,40,0C,05,00,04,01,22,05,72,00,02,0F,02,00,07,01,05,04,61,00,50,0E,04,00,03,01,1A,03,03,00,02,0F,03,00,07,00,05,04,21,0C,
Melody3-2(Track14)
37,22,0D,03,04,0A,06,07,30,11,0D,00,0B,06,00,08,01,09,00,01,05,02,0A,06,00,06,01,01,03,51,00,00,0B,05,00,08,01,07,33,32,00,


Back Keyboard(Track6)
2D,00,0A,04,04,05,04,0D,00,02,02,00,0A,02,0A,0B,0A,0B,03,01,00,52,08,04,03,04,04,0F,00,01,11,00,0D,03,08,0B,0B,07,00,01,00,


Flute(Track7)
15,71,09,06,07,08,00,3C,15,02,03,00,08,05,00,08,00,09,05,01,00,00,0B,09,06,06,09,0F,01,02,18,00,08,05,00,08,00,14,15,01,08,


Base-1(Track3)
04,70,0F,05,00,04,00,29,00,00,00,70,0F,01,00,06,00,32,00,09,00,70,0F,03,03,08,02,2A,00,00,00,70,0F,00,00,07,00,00,01,00,00,
Base-2(Track4)
2B,46,0C,03,00,03,01,23,45,41,00,06,0A,03,00,06,03,16,45,21,00,06,09,03,00,06,01,30,45,31,00,04,0B,01,00,08,02,00,45,22,00,


Strings1(Track5)
2D,00,0C,02,00,03,00,1B,00,01,00,00,0C,02,00,09,00,10,33,01,00,52,0D,03,04,04,05,15,00,01,00,00,0D,03,00,09,06,0C,50,01,04,

String2(Track15)
35,00,0D,08,00,02,01,1B,10,61,00,00,0D,0F,00,05,00,07,03,31,00,04,0D,0B,00,02,00,14,10,31,04,01,0D,0F,00,04,00,00,13,71,00,




hi-hat1(Track10)
25,70,0C,01,0C,07,07,1C,07,73,05,00,0A,07,09,09,07,10,05,52,00,70,0C,01,09,05,05,00,07,70,00,00,0D,06,05,09,06,15,03,51,00,


hi-hat2(track11)
25,70,0E,01,09,07,07,00,07,72,07,00,0F,08,08,08,06,0A,05,50,00,70,0C,01,09,05,07,00,07,71,07,00,0D,09,09,08,07,0B,03,50,00,

SnareDrum(Track12)
25,70,0E,01,09,07,07,00,07,72,07,00,0F,08,08,08,06,0A,05,50,00,70,0C,01,09,05,07,00,07,71,07,00,0D,09,09,08,07,0B,03,50,00,

BassDrum(Track13)
2D,30,0F,0C,08,03,06,10,35,53,05,74,0C,07,09,04,08,03,05,40,01,00,0F,0C,08,03,06,25,25,22,05,74,0E,05,0B,04,08,00,03,10,00,

Bell(Track16)
2D,54,0F,0F,03,03,00,26,44,07,01,02,0F,07,04,04,00,14,44,05,00,62,06,01,00,01,00,18,03,71,01,02,08,01,00,05,01,08,03,01,00,






音色データRAW(レジスタイメージ Dec csv）

Melody1-1(Track1)
122,197,  2, 96,192,104, 35, 16, 51,  2, 95,243, 20,  7, 16,  0,  2, 47,192, 61, 65, 37, 43,  2, 95,244, 40, 67, 66,  0,
Melody1-2(Track2)
  2,199, 16,113,226, 12, 71, 37, 32, 16, 64,129,100,  4, 35,  7,  0,160,224, 36,  4, 68,  0,  0, 80,241, 28, 32, 19, 39,

Melody2(Track8)
122,130,  2, 81, 80, 21,  1, 67, 36,  2, 81,112, 77,  0,135, 96,  2, 81,112,  1,  0, 67, 43,  2,145,128, 44,  3, 69, 40,

Melody3-1(Track9)
121, 69,  0, 69,193,136,  5, 39,  4,  0,114,241, 22,  4, 22,  0,  0, 52,225,104,  3, 48,  5,  0,115,240, 22,  4, 18, 96,
Melody3-2(Track14)
121,135, 64,163,214, 30, 48, 17,106,  0,134,177, 36,  0, 16, 40,  0,102,161,  6,  3, 21,  0,  0,133,177, 28, 51, 35,  0,

Back Keyboard(Track6)
121, 69, 66, 84,164, 52,  0, 32, 16,162,178,170, 44,  3, 16,  0, 50, 68,132, 62,  0, 16,141,130,179,219, 28,  0, 16,  0,

Flute(Track7)
120,133,114,134,144,241, 21, 32, 31,  2,133,128, 36,  5, 16,  0, 98,105,185, 60,  1, 32,192,  2,133,128, 80, 21, 16, 64,

Base-1(Track3)
  0,  4,  0, 69,240,164,  0,  0,  7,  0, 97,240,200,  0,144,  7, 48,131,242,168,  0,  0,  7,  0,112,240,  0,  1,  0,  7,
Base-2(Track4)
121, 67,  3, 51,193,142, 69, 20,  4,  3, 99,163, 90, 69, 18,  0,  3, 99,145,194, 69, 19,  0,  3,129,178,  0, 69, 34,  0,

Strings1(Track5)
121, 69,  2, 50,192,108,  0, 16,  0,  2,146,192, 64, 51, 16,  0, 66, 67,213, 86,  0, 16,  5,  2,147,214, 48, 80, 16, 32,
String2(Track15)
121,133,  2, 40,209,108, 16, 22,  0,  2, 95,208, 28,  3, 19,  0,  3, 43,208, 80, 16, 19, 32,  2, 79,208,  1, 19, 23,  0,



hi-hat1(Track10)
  1,  5,192,113,199,112,  7, 55, 47,144,151,167, 64,  5, 37,  0,144, 81,197,  0,  7,  7,  7, 80,150,214, 84,  3, 21,  0,

hi-hat2(track11)
  1,  5,144,113,231,  0,  7, 39, 63,128,136,246, 40,  5,  5,  0,144, 81,199,  0,  7, 23, 63,144,137,215, 44,  3,  5,  0,

SnareDrum(Track12)
  1, 68, 80, 81,245,  0,119,135, 39, 33, 21,242,  0,117, 34,  7, 96, 59,246,108, 53,117, 40,129, 69,232,  0,  3,  3,  7,

BassDrum(Track13)
  1, 69,128, 60,246, 64, 53, 53, 43,145, 71,200, 12,  5,  4, 15,128, 60,246,148, 37, 34, 40,177, 69,232,  0,  3,  1,  7,

Bell(Track16)
121, 69, 49, 63,240,152, 68,112, 13, 64, 71,240, 82, 68, 80,  0,  0, 17, 96, 98,  3, 23, 14,  0, 81,129, 34,  3, 16,  0,
