Track1
Back Guiter
2C,24,0B,08,00,02,0F,17,44,70,00,01,0A,01,00,01,01,0E,44,32,00,00,0B,02,00,0A,01,12,44,01,00,00,0A,01,01,0A,01,17,44,02,00,

Track2
Guiter
2C,74,0F,08,00,02,0F,09,44,70,0C,01,0C,01,00,01,01,0F,44,32,00,00,0B,02,00,0A,01,0F,44,01,00,00,0B,01,01,0A,01,0D,44,02,00,

Track3
Rock Organ
37,61,0F,0F,00,0D,00,0C,70,31,00,01,0B,0F,00,0A,01,05,50,01,15,00,0F,0F,00,0E,00,0D,13,62,00,00,0F,0F,00,0E,00,0C,33,70,11,

Track4
S_Drum
2C,70,0F,01,05,05,05,00,77,78,04,74,0F,05,02,01,02,00,75,22,00,00,0F,0B,06,03,06,1B,35,57,05,74,0E,05,08,04,08,04,03,30,00,

Track5
Bass
24,70,0F,05,00,04,00,27,00,00,00,70,0F,01,02,05,00,2D,00,0A,00,70,0F,02,03,08,02,27,00,00,00,70,0F,02,03,06,00,0B,01,01,00,

Track6
Bass Drum
2C,70,0F,0B,05,03,05,18,00,00,04,00,0F,0B,09,04,01,1F,00,03,00,00,0F,0C,06,05,04,17,01,03,00,00,0F,0E,05,05,00,02,05,00,00,

Track7
Cymbal
25,70,0C,03,02,03,05,09,07,30,00,00,0F,06,04,06,07,06,05,50,15,70,0B,03,01,02,04,00,07,72,00,00,0D,07,05,07,06,00,03,50,14,

Track8
Organ2
37,61,0F,0F,00,0D,00,0C,70,31,00,01,0B,0F,00,0A,01,05,50,01,15,00,0F,0F,00,0E,00,0D,13,62,00,00,0F,0F,00,0E,00,0C,33,70,11,

Track9
Guiter2
2C,74,0F,08,00,02,0F,09,44,60,0C,01,0C,01,00,01,01,0D,44,22,00,00,0B,02,00,0A,01,0E,44,11,00,00,0B,01,01,0A,01,0D,44,12,00,



